[gd_scene load_steps=25 format=3 uid="uid://dv2gm684avsf"]

[ext_resource type="Texture2D" uid="uid://d3odcqnocyeni" path="res://Assets/dirt.png" id="1_mtne6"]
[ext_resource type="Script" path="res://level_1.gd" id="1_t5ha6"]
[ext_resource type="PackedScene" uid="uid://kctbbic81uv8" path="res://Player.tscn" id="1_wjd8a"]
[ext_resource type="Texture2D" uid="uid://dxduju8cxjt8q" path="res://Assets/LandscapesGreen0094_1_600.jpg" id="2_8vp6m"]
[ext_resource type="PackedScene" uid="uid://qe7axqhbyma0" path="res://bunker_exterieur.tscn" id="4_yio27"]
[ext_resource type="PackedScene" uid="uid://dl1w655el0mjl" path="res://group_of_plants.tscn" id="5_5upp0"]
[ext_resource type="PackedScene" uid="uid://bk3vhcmrjed2k" path="res://palmtree.tscn" id="6_4o61l"]
[ext_resource type="PackedScene" uid="uid://dyu75smr6fw5i" path="res://tree.tscn" id="7_8w4gi"]
[ext_resource type="PackedScene" uid="uid://dvbldlv548ff6" path="res://plant.tscn" id="8_0de5m"]
[ext_resource type="PackedScene" uid="uid://lkn02y28tams" path="res://treeJungle.tscn" id="9_k3tx1"]
[ext_resource type="PackedScene" uid="uid://b65fgjnd5tl8p" path="res://guard.tscn" id="10_qrn6d"]

[sub_resource type="ProceduralSkyMaterial" id="ProceduralSkyMaterial_bof5o"]
sky_horizon_color = Color(0.64625, 0.65575, 0.67075, 1)
ground_horizon_color = Color(0.64625, 0.65575, 0.67075, 1)

[sub_resource type="Sky" id="Sky_fdwd4"]
sky_material = SubResource("ProceduralSkyMaterial_bof5o")

[sub_resource type="Environment" id="Environment_vi1xk"]
background_mode = 2
sky = SubResource("Sky_fdwd4")
tonemap_mode = 2

[sub_resource type="StandardMaterial3D" id="StandardMaterial3D_agfkv"]
albedo_texture = ExtResource("1_mtne6")
metallic_specular = 0.0
uv1_scale = Vector3(16, 16, 16)

[sub_resource type="PlaneMesh" id="PlaneMesh_qwhg8"]

[sub_resource type="ConcavePolygonShape3D" id="ConcavePolygonShape3D_6myf6"]
data = PackedVector3Array(1, 0, 1, -1, 0, 1, 1, 0, -1, -1, 0, 1, -1, 0, -1, 1, 0, -1)

[sub_resource type="StandardMaterial3D" id="StandardMaterial3D_d8ocl"]
albedo_texture = ExtResource("2_8vp6m")
uv1_scale = Vector3(6, 2, 1)

[sub_resource type="BoxMesh" id="BoxMesh_3h4ck"]

[sub_resource type="ConcavePolygonShape3D" id="ConcavePolygonShape3D_olpm5"]
data = PackedVector3Array(-0.5, 0.5, 0.5, 0.5, 0.5, 0.5, -0.5, -0.5, 0.5, 0.5, 0.5, 0.5, 0.5, -0.5, 0.5, -0.5, -0.5, 0.5, 0.5, 0.5, -0.5, -0.5, 0.5, -0.5, 0.5, -0.5, -0.5, -0.5, 0.5, -0.5, -0.5, -0.5, -0.5, 0.5, -0.5, -0.5, 0.5, 0.5, 0.5, 0.5, 0.5, -0.5, 0.5, -0.5, 0.5, 0.5, 0.5, -0.5, 0.5, -0.5, -0.5, 0.5, -0.5, 0.5, -0.5, 0.5, -0.5, -0.5, 0.5, 0.5, -0.5, -0.5, -0.5, -0.5, 0.5, 0.5, -0.5, -0.5, 0.5, -0.5, -0.5, -0.5, 0.5, 0.5, 0.5, -0.5, 0.5, 0.5, 0.5, 0.5, -0.5, -0.5, 0.5, 0.5, -0.5, 0.5, -0.5, 0.5, 0.5, -0.5, -0.5, -0.5, 0.5, 0.5, -0.5, 0.5, -0.5, -0.5, -0.5, 0.5, -0.5, 0.5, 0.5, -0.5, -0.5, -0.5, -0.5, -0.5)

[sub_resource type="StandardMaterial3D" id="StandardMaterial3D_7rj01"]
albedo_texture = ExtResource("2_8vp6m")
uv1_scale = Vector3(6, 2, 1)

[sub_resource type="BoxMesh" id="BoxMesh_4lja3"]

[sub_resource type="ConcavePolygonShape3D" id="ConcavePolygonShape3D_ato0o"]
data = PackedVector3Array(-0.5, 0.5, 0.5, 0.5, 0.5, 0.5, -0.5, -0.5, 0.5, 0.5, 0.5, 0.5, 0.5, -0.5, 0.5, -0.5, -0.5, 0.5, 0.5, 0.5, -0.5, -0.5, 0.5, -0.5, 0.5, -0.5, -0.5, -0.5, 0.5, -0.5, -0.5, -0.5, -0.5, 0.5, -0.5, -0.5, 0.5, 0.5, 0.5, 0.5, 0.5, -0.5, 0.5, -0.5, 0.5, 0.5, 0.5, -0.5, 0.5, -0.5, -0.5, 0.5, -0.5, 0.5, -0.5, 0.5, -0.5, -0.5, 0.5, 0.5, -0.5, -0.5, -0.5, -0.5, 0.5, 0.5, -0.5, -0.5, 0.5, -0.5, -0.5, -0.5, 0.5, 0.5, 0.5, -0.5, 0.5, 0.5, 0.5, 0.5, -0.5, -0.5, 0.5, 0.5, -0.5, 0.5, -0.5, 0.5, 0.5, -0.5, -0.5, -0.5, 0.5, 0.5, -0.5, 0.5, -0.5, -0.5, -0.5, 0.5, -0.5, 0.5, 0.5, -0.5, -0.5, -0.5, -0.5, -0.5)

[sub_resource type="BoxShape3D" id="BoxShape3D_n3ir2"]
size = Vector3(0.910461, 1, 1)

[node name="Level_1" type="Node3D"]
script = ExtResource("1_t5ha6")

[node name="DirectionalLight3D" type="DirectionalLight3D" parent="."]
transform = Transform3D(-0.866025, -0.5, -1.50439e-08, 0.0422042, -0.0730998, 0.996431, -0.498216, 0.862935, 0.0844083, 0, 30.3549, 0)
shadow_enabled = true

[node name="WorldEnvironment" type="WorldEnvironment" parent="."]
environment = SubResource("Environment_vi1xk")

[node name="MeshInstance3D" type="MeshInstance3D" parent="."]
transform = Transform3D(12, 0, 0, 0, 1, 0, 0, 0, 30, 0, 0, -20.7332)
material_override = SubResource("StandardMaterial3D_agfkv")
mesh = SubResource("PlaneMesh_qwhg8")

[node name="StaticBody3D" type="StaticBody3D" parent="MeshInstance3D"]

[node name="CollisionShape3D" type="CollisionShape3D" parent="MeshInstance3D/StaticBody3D"]
shape = SubResource("ConcavePolygonShape3D_6myf6")

[node name="player" parent="." instance=ExtResource("1_wjd8a")]
transform = Transform3D(1, 0, 0, 0, 1, 0, 0, 0, 1, 0, 0, 6.55243)

[node name="WALL4" type="MeshInstance3D" parent="."]
transform = Transform3D(-2.62268e-06, 0, 1, 0, 14, 0, -60, 0, -4.37114e-08, 12.487, 7, -21.0275)
material_override = SubResource("StandardMaterial3D_d8ocl")
mesh = SubResource("BoxMesh_3h4ck")

[node name="StaticBody3D" type="StaticBody3D" parent="WALL4"]

[node name="CollisionShape3D" type="CollisionShape3D" parent="WALL4/StaticBody3D"]
transform = Transform3D(1, 0, 1.11022e-16, 0, 1, 0, 1.13687e-13, 0, 1, 0, 0, 0)
shape = SubResource("ConcavePolygonShape3D_olpm5")

[node name="WALL5" type="MeshInstance3D" parent="."]
transform = Transform3D(40, 0, 0, 0, 14, 0, 0, 0, 1, 0, 7, -49.896)
material_override = SubResource("StandardMaterial3D_7rj01")
mesh = SubResource("BoxMesh_4lja3")

[node name="StaticBody3D" type="StaticBody3D" parent="WALL5"]

[node name="CollisionShape3D" type="CollisionShape3D" parent="WALL5/StaticBody3D"]
shape = SubResource("ConcavePolygonShape3D_ato0o")

[node name="WALL6" type="MeshInstance3D" parent="."]
transform = Transform3D(40, 0, 0, 0, 14, 0, 0, 0, 1, 0, 7, 9)
material_override = SubResource("StandardMaterial3D_7rj01")
mesh = SubResource("BoxMesh_4lja3")

[node name="StaticBody3D" type="StaticBody3D" parent="WALL6"]

[node name="CollisionShape3D" type="CollisionShape3D" parent="WALL6/StaticBody3D"]
shape = SubResource("ConcavePolygonShape3D_ato0o")

[node name="WALL7" type="MeshInstance3D" parent="."]
transform = Transform3D(-2.62268e-06, 0, 1, 0, 14, 0, -60, 0, -4.37114e-08, -12.1347, 7, -21.0275)
material_override = SubResource("StandardMaterial3D_d8ocl")
mesh = SubResource("BoxMesh_3h4ck")

[node name="StaticBody3D" type="StaticBody3D" parent="WALL7"]

[node name="CollisionShape3D" type="CollisionShape3D" parent="WALL7/StaticBody3D"]
transform = Transform3D(1, 0, 1.11022e-16, 0, 1, 0, 1.13687e-13, 0, 1, 0, 0, 0)
shape = SubResource("ConcavePolygonShape3D_olpm5")

[node name="Bunker" parent="." instance=ExtResource("4_yio27")]
transform = Transform3D(-4.37114e-08, 0, -1, 0, 1, 0, 1, 0, -4.37114e-08, 0.417174, -1.90735e-06, -44.9931)

[node name="groupplants" type="Node3D" parent="."]

[node name="group_of_plants" parent="groupplants" instance=ExtResource("5_5upp0")]
transform = Transform3D(0.974496, 0, -0.224407, 0, 1, 0, 0.224407, 0, 0.974496, -6.45809, 0, 6.8222)

[node name="group_of_plants2" parent="groupplants" instance=ExtResource("5_5upp0")]
transform = Transform3D(0.779566, 0, -1.04033, 0, 1.3, 0, 1.04033, 0, 0.779566, -5.73, 0, 8.87543)

[node name="group_of_plants3" parent="groupplants" instance=ExtResource("5_5upp0")]
transform = Transform3D(-0.894053, 0, -0.447962, 0, 1, 0, 0.447962, 0, -0.894053, -7.86415, 0, 7.50536)

[node name="group_of_plants4" parent="groupplants" instance=ExtResource("5_5upp0")]
transform = Transform3D(1.28365, 0, 0.205561, 0, 1.3, 0, -0.205561, 0, 1.28365, -4.84555, 0, 6.10263)

[node name="group_of_plants5" parent="groupplants" instance=ExtResource("5_5upp0")]
transform = Transform3D(-0.253657, 0, -0.967294, 0, 1, 0, 0.967294, 0, -0.253657, -4.71569, 0, 2.77532)

[node name="group_of_plants6" parent="groupplants" instance=ExtResource("5_5upp0")]
transform = Transform3D(-1.06333, 0, -0.747878, 0, 1.3, 0, 0.747878, 0, -1.06333, -6.78992, 0, 3.44124)

[node name="group_of_plants7" parent="groupplants" instance=ExtResource("5_5upp0")]
transform = Transform3D(-0.42083, 0, 0.907139, 0, 1, 0, -0.907139, 0, -0.42083, -5.35619, 0, 1.34932)

[node name="group_of_plants8" parent="groupplants" instance=ExtResource("5_5upp0")]
transform = Transform3D(0.128311, 0, -0.991734, 0, 1, 0, 0.991734, 0, 0.128311, -4.04502, 0, 4.4088)

[node name="group_of_plants141" parent="groupplants" instance=ExtResource("5_5upp0")]
transform = Transform3D(0.128311, 0, -0.991734, 0, 1, 0, 0.991734, 0, 0.128311, -2.22282, 0, 0.585867)

[node name="group_of_plants143" parent="groupplants" instance=ExtResource("5_5upp0")]
transform = Transform3D(-0.956819, 0, -0.880055, 0, 1.3, 0, 0.880055, 0, -0.956819, -1.4397, 0, 3.11736)

[node name="group_of_plants144" parent="groupplants" instance=ExtResource("5_5upp0")]
transform = Transform3D(0.0296835, 0, -0.999559, 0, 1, 0, 0.999559, 0, 0.0296835, -2.3195, 0, 6.33595)

[node name="group_of_plants157" parent="groupplants" instance=ExtResource("5_5upp0")]
transform = Transform3D(0.968692, 0, 0.248267, 0, 1, 0, -0.248267, 0, 0.968692, 2.19066, 0, 6.60701)

[node name="group_of_plants159" parent="groupplants" instance=ExtResource("5_5upp0")]
transform = Transform3D(1.2593, 0, 0.322747, 0, 1.3, 0, -0.322747, 0, 1.2593, 2.37174, 9.53674e-07, 0.593499)

[node name="group_of_plants9" parent="groupplants" instance=ExtResource("5_5upp0")]
transform = Transform3D(-1.25164, 0, 0.351278, 0, 1.3, 0, -0.351278, 0, -1.25164, -8.28546, 0, 1.06577)

[node name="group_of_plants10" parent="groupplants" instance=ExtResource("5_5upp0")]
transform = Transform3D(-0.561174, 0, 0.827698, 0, 1, 0, -0.827698, 0, -0.561174, -8.9157, 0, -1.01957)

[node name="group_of_plants11" parent="groupplants" instance=ExtResource("5_5upp0")]
transform = Transform3D(0.914225, 0, 0.405205, 0, 1, 0, -0.405205, 0, 0.914225, -6.84868, 0, 0.449832)

[node name="group_of_plants12" parent="groupplants" instance=ExtResource("5_5upp0")]
transform = Transform3D(-1.29193, 0, -0.144662, 0, 1.3, 0, 0.144662, 0, -1.29193, -9.9302, 0, 1.70832)

[node name="group_of_plants13" parent="groupplants" instance=ExtResource("5_5upp0")]
transform = Transform3D(0.299091, 0, 0.954225, 0, 1, 0, -0.954225, 0, 0.299091, -10.2172, 0, 5.02578)

[node name="group_of_plants14" parent="groupplants" instance=ExtResource("5_5upp0")]
transform = Transform3D(1.09749, 0, 0.696786, 0, 1.3, 0, -0.696786, 0, 1.09749, -8.1138, 0, 4.45863)

[node name="group_of_plants15" parent="groupplants" instance=ExtResource("5_5upp0")]
transform = Transform3D(0.377485, 0, -0.926015, 0, 1, 0, 0.926015, 0, 0.377485, -9.64479, 0, 6.48045)

[node name="group_of_plants16" parent="groupplants" instance=ExtResource("5_5upp0")]
transform = Transform3D(-0.0812949, 0, 0.99669, 0, 1, 0, -0.99669, 0, -0.0812949, -10.8099, 0, 3.36242)

[node name="group_of_plants17" parent="groupplants" instance=ExtResource("5_5upp0")]
transform = Transform3D(1.26684, 0, -0.291729, 0, 1.3, 0, 0.291729, 0, 1.26684, -6.45809, 0, 6.8222)

[node name="group_of_plants18" parent="groupplants" instance=ExtResource("5_5upp0")]
transform = Transform3D(0.599666, 0, -0.80025, 0, 1, 0, 0.80025, 0, 0.599666, -5.73, 0, 8.87543)

[node name="group_of_plants19" parent="groupplants" instance=ExtResource("5_5upp0")]
transform = Transform3D(-1.16227, 0, -0.58235, 0, 1.3, 0, 0.58235, 0, -1.16227, -7.86415, 0, 7.50536)

[node name="group_of_plants20" parent="groupplants" instance=ExtResource("5_5upp0")]
transform = Transform3D(0.987419, 0, 0.158123, 0, 1, 0, -0.158123, 0, 0.987419, -4.84555, 0, 6.10263)

[node name="group_of_plants21" parent="groupplants" instance=ExtResource("5_5upp0")]
transform = Transform3D(-0.253657, 0, -0.967294, 0, 1, 0, 0.967294, 0, -0.253657, -4.71569, 0, 2.77532)

[node name="group_of_plants22" parent="groupplants" instance=ExtResource("5_5upp0")]
transform = Transform3D(-1.06333, 0, -0.747878, 0, 1.3, 0, 0.747878, 0, -1.06333, -6.78992, 0, 3.44124)

[node name="group_of_plants23" parent="groupplants" instance=ExtResource("5_5upp0")]
transform = Transform3D(-0.42083, 0, 0.907139, 0, 1, 0, -0.907139, 0, -0.42083, -5.35619, 0, 1.34932)

[node name="group_of_plants24" parent="groupplants" instance=ExtResource("5_5upp0")]
transform = Transform3D(0.166804, 0, -1.28925, 0, 1.3, 0, 1.28925, 0, 0.166804, -4.04502, 0, 4.4088)

[node name="group_of_plants25" parent="groupplants" instance=ExtResource("5_5upp0")]
transform = Transform3D(-0.9628, 0, 0.270214, 0, 1, 0, -0.270214, 0, -0.9628, -8.28546, 0, 1.06577)

[node name="group_of_plants26" parent="groupplants" instance=ExtResource("5_5upp0")]
transform = Transform3D(-0.729526, 0, 1.07601, 0, 1.3, 0, -1.07601, 0, -0.729526, -8.9157, 0, -1.01957)

[node name="group_of_plants27" parent="groupplants" instance=ExtResource("5_5upp0")]
transform = Transform3D(0.914225, 0, 0.405205, 0, 1, 0, -0.405205, 0, 0.914225, -6.84868, 0, 0.449832)

[node name="group_of_plants28" parent="groupplants" instance=ExtResource("5_5upp0")]
transform = Transform3D(-0.993789, 0, -0.111278, 0, 1, 0, 0.111278, 0, -0.993789, -9.9302, 0, 1.70832)

[node name="group_of_plants29" parent="groupplants" instance=ExtResource("5_5upp0")]
transform = Transform3D(0.388818, 0, 1.24049, 0, 1.3, 0, -1.24049, 0, 0.388818, -10.2172, 0, 5.02578)

[node name="group_of_plants30" parent="groupplants" instance=ExtResource("5_5upp0")]
transform = Transform3D(0.844225, 0, 0.535989, 0, 1, 0, -0.535989, 0, 0.844225, -8.1138, 0, 4.45863)

[node name="group_of_plants31" parent="groupplants" instance=ExtResource("5_5upp0")]
transform = Transform3D(0.377485, 0, -0.926015, 0, 1, 0, 0.926015, 0, 0.377485, -9.64479, 0, 6.48045)

[node name="group_of_plants32" parent="groupplants" instance=ExtResource("5_5upp0")]
transform = Transform3D(-0.105683, 0, 1.2957, 0, 1.3, 0, -1.2957, 0, -0.105683, -10.8099, 0, 3.36242)

[node name="Node3D2" parent="groupplants" instance=ExtResource("6_4o61l")]
transform = Transform3D(9.74496, 0, -2.24407, 0, 10, 0, 2.24407, 0, 9.74496, -6.35753, 0, 5.33958)

[node name="Node3D3" parent="groupplants" instance=ExtResource("7_8w4gi")]
transform = Transform3D(9.74496, 0, -2.24407, 0, 10, 0, 2.24407, 0, 9.74496, -8.14369, 0, 1.57736)

[node name="group_of_plants33" parent="groupplants" instance=ExtResource("5_5upp0")]
transform = Transform3D(-0.970165, 0, -0.242447, 0, 1, 0, 0.242447, 0, -0.970165, -8.86138, 0, -8.97316)

[node name="group_of_plants34" parent="groupplants" instance=ExtResource("5_5upp0")]
transform = Transform3D(-1.16689, 0, 0.573042, 0, 1.3, 0, -0.573042, 0, -1.16689, -10.4422, 0, -10.4721)

[node name="group_of_plants35" parent="groupplants" instance=ExtResource("5_5upp0")]
transform = Transform3D(0.59325, 0, 0.805018, 0, 1, 0, -0.805018, 0, 0.59325, -7.9187, 0, -10.2202)

[node name="group_of_plants36" parent="groupplants" instance=ExtResource("5_5upp0")]
transform = Transform3D(-0.808021, 0, -0.589154, 0, 1, 0, 0.589154, 0, -0.808021, -9.97151, 0, -7.59996)

[node name="group_of_plants37" parent="groupplants" instance=ExtResource("5_5upp0")]
transform = Transform3D(-0.27705, 0, 1.27014, 0, 1.3, 0, -1.27014, 0, -0.27705, -8.57671, 0, -4.57632)

[node name="group_of_plants38" parent="groupplants" instance=ExtResource("5_5upp0")]
transform = Transform3D(0.607928, 0, 1.1491, 0, 1.3, 0, -1.1491, 0, 0.607928, -7.03085, 0, -6.11132)

[node name="group_of_plants39" parent="groupplants" instance=ExtResource("5_5upp0")]
transform = Transform3D(0.786784, 0, -0.617228, 0, 1, 0, 0.617228, 0, 0.786784, -7.35865, 0, -3.59651)

[node name="group_of_plants40" parent="groupplants" instance=ExtResource("5_5upp0")]
transform = Transform3D(-0.564549, 0, 0.825399, 0, 1, 0, -0.825399, 0, -0.564549, -9.91584, 0, -5.72731)

[node name="group_of_plants41" parent="groupplants" instance=ExtResource("5_5upp0")]
transform = Transform3D(1.2747, 0, 0.25522, 0, 1.3, 0, -0.25522, 0, 1.2747, -4.6199, 0, -4.67368)

[node name="group_of_plants42" parent="groupplants" instance=ExtResource("5_5upp0")]
transform = Transform3D(0.875768, 0, -0.482732, 0, 1, 0, 0.482732, 0, 0.875768, -3.11165, 0, -3.10172)

[node name="group_of_plants43" parent="groupplants" instance=ExtResource("5_5upp0")]
transform = Transform3D(-0.630635, 0, -0.77608, 0, 1, 0, 0.77608, 0, -0.630635, -5.62047, 0, -3.4726)

[node name="group_of_plants44" parent="groupplants" instance=ExtResource("5_5upp0")]
transform = Transform3D(0.834963, 0, 0.550306, 0, 1, 0, -0.550306, 0, 0.834963, -3.44611, 0, -5.99287)

[node name="group_of_plants45" parent="groupplants" instance=ExtResource("5_5upp0")]
transform = Transform3D(0.21671, 0, -1.28181, 0, 1.3, 0, 1.28181, 0, 0.21671, -4.69645, 0, -9.07905)

[node name="group_of_plants46" parent="groupplants" instance=ExtResource("5_5upp0")]
transform = Transform3D(-0.508891, 0, -0.860831, 0, 1, 0, 0.860831, 0, -0.508891, -6.31313, 0, -7.61883)

[node name="group_of_plants47" parent="groupplants" instance=ExtResource("5_5upp0")]
transform = Transform3D(-0.756733, 0, 0.653724, 0, 1, 0, -0.653724, 0, -0.756733, -5.86684, 0, -10.1153)

[node name="group_of_plants48" parent="groupplants" instance=ExtResource("5_5upp0")]
transform = Transform3D(0.524907, 0, -0.851159, 0, 1, 0, 0.851159, 0, 0.524907, -3.41321, 0, -7.86606)

[node name="group_of_plants49" parent="groupplants" instance=ExtResource("5_5upp0")]
transform = Transform3D(-1.26121, 0, -0.315181, 0, 1.3, 0, 0.315181, 0, -1.26121, -8.86138, 0, -8.97316)

[node name="group_of_plants50" parent="groupplants" instance=ExtResource("5_5upp0")]
transform = Transform3D(-0.897605, 0, 0.440801, 0, 1, 0, -0.440801, 0, -0.897605, -10.4422, 0, -10.4721)

[node name="group_of_plants51" parent="groupplants" instance=ExtResource("5_5upp0")]
transform = Transform3D(0.771226, 0, 1.04652, 0, 1.3, 0, -1.04652, 0, 0.771226, -7.9187, 0, -10.2202)

[node name="group_of_plants52" parent="groupplants" instance=ExtResource("5_5upp0")]
transform = Transform3D(-0.808021, 0, -0.589154, 0, 1, 0, 0.589154, 0, -0.808021, -9.97151, 0, -7.59996)

[node name="group_of_plants53" parent="groupplants" instance=ExtResource("5_5upp0")]
transform = Transform3D(-0.213116, 0, 0.977027, 0, 1, 0, -0.977027, 0, -0.213116, -8.57671, 0, -4.57632)

[node name="group_of_plants54" parent="groupplants" instance=ExtResource("5_5upp0")]
transform = Transform3D(0.607928, 0, 1.1491, 0, 1.3, 0, -1.1491, 0, 0.607928, -7.03085, 0, -6.11132)

[node name="group_of_plants55" parent="groupplants" instance=ExtResource("5_5upp0")]
transform = Transform3D(0.786784, 0, -0.617228, 0, 1, 0, 0.617228, 0, 0.786784, -7.35865, 0, -3.59651)

[node name="group_of_plants56" parent="groupplants" instance=ExtResource("5_5upp0")]
transform = Transform3D(-0.733914, 0, 1.07302, 0, 1.3, 0, -1.07302, 0, -0.733914, -9.91584, 0, -5.72731)

[node name="group_of_plants57" parent="groupplants" instance=ExtResource("5_5upp0")]
transform = Transform3D(0.980539, 0, 0.196323, 0, 1, 0, -0.196323, 0, 0.980539, -4.6199, 0, -4.67368)

[node name="group_of_plants58" parent="groupplants" instance=ExtResource("5_5upp0")]
transform = Transform3D(0.875768, 0, -0.482732, 0, 1, 0, 0.482732, 0, 0.875768, -3.11165, 0, -3.10172)

[node name="group_of_plants59" parent="groupplants" instance=ExtResource("5_5upp0")]
transform = Transform3D(-0.819826, 0, -1.0089, 0, 1.3, 0, 1.0089, 0, -0.819826, -5.62047, 0, -3.4726)

[node name="group_of_plants60" parent="groupplants" instance=ExtResource("5_5upp0")]
transform = Transform3D(0.834963, 0, 0.550306, 0, 1, 0, -0.550306, 0, 0.834963, -3.44611, 0, -5.99287)

[node name="group_of_plants61" parent="groupplants" instance=ExtResource("5_5upp0")]
transform = Transform3D(0.1667, 0, -0.986008, 0, 1, 0, 0.986008, 0, 0.1667, -4.69645, 0, -9.07905)

[node name="group_of_plants62" parent="groupplants" instance=ExtResource("5_5upp0")]
transform = Transform3D(-0.508891, 0, -0.860831, 0, 1, 0, 0.860831, 0, -0.508891, -6.31313, 0, -7.61883)

[node name="group_of_plants63" parent="groupplants" instance=ExtResource("5_5upp0")]
transform = Transform3D(-0.756733, 0, 0.653724, 0, 1, 0, -0.653724, 0, -0.756733, -5.86684, 0, -10.1153)

[node name="group_of_plants64" parent="groupplants" instance=ExtResource("5_5upp0")]
transform = Transform3D(0.524907, 0, -0.851159, 0, 1, 0, 0.851159, 0, 0.524907, -3.41321, 0, -7.86606)

[node name="Node3D4" parent="groupplants" instance=ExtResource("6_4o61l")]
transform = Transform3D(-9.70165, 0, -2.42447, 0, 10, 0, 2.42447, 0, -9.70165, -8.27791, 0, -7.60647)

[node name="Node3D5" parent="groupplants" instance=ExtResource("7_8w4gi")]
transform = Transform3D(-9.70165, 0, -2.42447, 0, 10, 0, 2.42447, 0, -9.70165, -4.97847, 0, -5.06515)

[node name="group_of_plants65" parent="groupplants" instance=ExtResource("5_5upp0")]
transform = Transform3D(0.913235, 0, 0.925204, 0, 1.3, 0, -0.925204, 0, 0.913235, 10.7887, 0, 5.09525)

[node name="group_of_plants66" parent="groupplants" instance=ExtResource("5_5upp0")]
transform = Transform3D(0.995905, 0, 0.0904064, 0, 1, 0, -0.0904064, 0, 0.995905, 12.9185, 0, 5.55317)

[node name="group_of_plants67" parent="groupplants" instance=ExtResource("5_5upp0")]
transform = Transform3D(-0.114342, 0, -1.29496, 0, 1.3, 0, 1.29496, 0, -0.114342, 10.6322, 0, 6.65064)

[node name="group_of_plants68" parent="groupplants" instance=ExtResource("5_5upp0")]
transform = Transform3D(0.383667, 0, 0.923471, 0, 1, 0, -0.923471, 0, 0.383667, 11.0225, 0, 3.34501)

[node name="group_of_plants69" parent="groupplants" instance=ExtResource("5_5upp0")]
transform = Transform3D(0.897277, 0, -0.940688, 0, 1.3, 0, 0.940688, 0, 0.897277, 8.25853, 0, 1.48809)

[node name="group_of_plants70" parent="groupplants" instance=ExtResource("5_5upp0")]
transform = Transform3D(0.0603689, 0, -0.998176, 0, 1, 0, 0.998176, 0, 0.0603689, 7.73667, 0, 3.60316)

[node name="group_of_plants71" parent="groupplants" instance=ExtResource("5_5upp0")]
transform = Transform3D(-1.29093, 0, 0.153294, 0, 1.3, 0, -0.153294, 0, -1.29093, 6.70857, 0, 1.28482)

[node name="group_of_plants72" parent="groupplants" instance=ExtResource("5_5upp0")]
transform = Transform3D(0.911496, 0, -0.411308, 0, 1, 0, 0.411308, 0, 0.911496, 10.0009, 0, 1.77458)

[node name="group_of_plants73" parent="groupplants" instance=ExtResource("5_5upp0")]
transform = Transform3D(-0.735341, 0, -0.677698, 0, 1, 0, 0.677698, 0, -0.735341, 4.92975, 0, 3.62935)

[node name="group_of_plants74" parent="groupplants" instance=ExtResource("5_5upp0")]
transform = Transform3D(-0.999065, 0, -0.0432358, 0, 1, 0, 0.0432358, 0, -0.999065, 2.82394, 0, 3.07128)

[node name="group_of_plants75" parent="groupplants" instance=ExtResource("5_5upp0")]
transform = Transform3D(0.175419, 0, 1.28811, 0, 1.3, 0, -1.28811, 0, 0.175419, 5.15958, 0, 2.0831)

[node name="group_of_plants76" parent="groupplants" instance=ExtResource("5_5upp0")]
transform = Transform3D(-0.426885, 0, -0.904306, 0, 1, 0, 0.904306, 0, -0.426885, 4.61341, 0, 5.36658)

[node name="group_of_plants77" parent="groupplants" instance=ExtResource("5_5upp0")]
transform = Transform3D(-0.655242, 0, 0.755419, 0, 1, 0, -0.755419, 0, -0.655242, 7.28657, 0, 7.35206)

[node name="group_of_plants78" parent="groupplants" instance=ExtResource("5_5upp0")]
transform = Transform3D(-0.0170618, 0, 1.29989, 0, 1.3, 0, -1.29989, 0, -0.0170618, 7.90781, 0, 5.26402)

[node name="group_of_plants79" parent="groupplants" instance=ExtResource("5_5upp0")]
transform = Transform3D(0.98634, 0, -0.16472, 0, 1, 0, 0.16472, 0, 0.98634, 8.82519, 0, 7.62836)

[node name="group_of_plants80" parent="groupplants" instance=ExtResource("5_5upp0")]
transform = Transform3D(-0.891038, 0, 0.453928, 0, 1, 0, -0.453928, 0, -0.891038, 5.55965, 0, 6.98354)

[node name="group_of_plants81" parent="groupplants" instance=ExtResource("5_5upp0")]
transform = Transform3D(0.913235, 0, 0.925204, 0, 1.3, 0, -0.925204, 0, 0.913235, 10.7887, 0, 5.09525)

[node name="group_of_plants82" parent="groupplants" instance=ExtResource("5_5upp0")]
transform = Transform3D(0.995905, 0, 0.0904064, 0, 1, 0, -0.0904064, 0, 0.995905, 12.9185, 0, 5.55317)

[node name="group_of_plants83" parent="groupplants" instance=ExtResource("5_5upp0")]
transform = Transform3D(-0.0879557, 0, -0.996124, 0, 1, 0, 0.996124, 0, -0.0879557, 10.6322, 0, 6.65064)

[node name="group_of_plants84" parent="groupplants" instance=ExtResource("5_5upp0")]
transform = Transform3D(0.498767, 0, 1.20051, 0, 1.3, 0, -1.20051, 0, 0.498767, 11.0225, 0, 3.34501)

[node name="group_of_plants85" parent="groupplants" instance=ExtResource("5_5upp0")]
transform = Transform3D(0.690213, 0, -0.723606, 0, 1, 0, 0.723606, 0, 0.690213, 8.25853, 0, 1.48809)

[node name="group_of_plants86" parent="groupplants" instance=ExtResource("5_5upp0")]
transform = Transform3D(0.0603689, 0, -0.998176, 0, 1, 0, 0.998176, 0, 0.0603689, 7.73667, 0, 3.60316)

[node name="group_of_plants87" parent="groupplants" instance=ExtResource("5_5upp0")]
transform = Transform3D(-0.993023, 0, 0.117919, 0, 1, 0, -0.117919, 0, -0.993023, 6.70857, 0, 1.28482)

[node name="group_of_plants88" parent="groupplants" instance=ExtResource("5_5upp0")]
transform = Transform3D(0.911496, 0, -0.411308, 0, 1, 0, 0.411308, 0, 0.911496, 10.0009, 0, 1.77458)

[node name="group_of_plants89" parent="groupplants" instance=ExtResource("5_5upp0")]
transform = Transform3D(-0.955943, 0, -0.881007, 0, 1.3, 0, 0.881007, 0, -0.955943, 4.92975, 0, 3.62935)

[node name="group_of_plants90" parent="groupplants" instance=ExtResource("5_5upp0")]
transform = Transform3D(-0.999065, 0, -0.0432358, 0, 1, 0, 0.0432358, 0, -0.999065, 2.82394, 0, 3.07128)

[node name="group_of_plants91" parent="groupplants" instance=ExtResource("5_5upp0")]
transform = Transform3D(0.175419, 0, 1.28811, 0, 1.3, 0, -1.28811, 0, 0.175419, 5.15958, 0, 2.0831)

[node name="group_of_plants92" parent="groupplants" instance=ExtResource("5_5upp0")]
transform = Transform3D(-0.426885, 0, -0.904306, 0, 1, 0, 0.904306, 0, -0.426885, 4.61341, 0, 5.36658)

[node name="group_of_plants93" parent="groupplants" instance=ExtResource("5_5upp0")]
transform = Transform3D(-0.851815, 0, 0.982045, 0, 1.3, 0, -0.982045, 0, -0.851815, 7.28657, 0, 7.35206)

[node name="group_of_plants94" parent="groupplants" instance=ExtResource("5_5upp0")]
transform = Transform3D(-0.0131245, 0, 0.999914, 0, 1, 0, -0.999914, 0, -0.0131245, 7.90781, 0, 5.26402)

[node name="group_of_plants95" parent="groupplants" instance=ExtResource("5_5upp0")]
transform = Transform3D(0.98634, 0, -0.16472, 0, 1, 0, 0.16472, 0, 0.98634, 8.82519, 0, 7.62836)

[node name="group_of_plants96" parent="groupplants" instance=ExtResource("5_5upp0")]
transform = Transform3D(-0.891038, 0, 0.453928, 0, 1, 0, -0.453928, 0, -0.891038, 5.55965, 0, 6.98354)

[node name="Node3D6" parent="groupplants" instance=ExtResource("6_4o61l")]
transform = Transform3D(7.02489, 0, 7.11695, 0, 10, 0, -7.11695, 0, 7.02489, 9.57946, 0, 4.23149)

[node name="Node3D7" parent="groupplants" instance=ExtResource("7_8w4gi")]
transform = Transform3D(7.02489, 0, 7.11695, 0, 10, 0, -7.11695, 0, 7.02489, 5.43962, 0, 3.77719)

[node name="group_of_plants97" parent="groupplants" instance=ExtResource("5_5upp0")]
transform = Transform3D(-0.601411, 0, 0.79894, 0, 1, 0, -0.79894, 0, -0.601411, 8.96484, 0, -7.05246)

[node name="group_of_plants98" parent="groupplants" instance=ExtResource("5_5upp0")]
transform = Transform3D(0.072908, 0, 1.29795, 0, 1.3, 0, -1.29795, 0, 0.072908, 9.72905, 0, -9.09253)

[node name="group_of_plants99" parent="groupplants" instance=ExtResource("5_5upp0")]
transform = Transform3D(0.972581, 0, -0.232563, 0, 1, 0, 0.232563, 0, 0.972581, 10.4807, 0, -6.67038)

[node name="group_of_plants100" parent="groupplants" instance=ExtResource("5_5upp0")]
transform = Transform3D(-0.8575, 0, 0.514485, 0, 1, 0, -0.514485, 0, -0.8575, 7.26755, 0, -7.53957)

[node name="group_of_plants101" parent="groupplants" instance=ExtResource("5_5upp0")]
transform = Transform3D(1.0617, 0, 0.750196, 0, 1.3, 0, -0.750196, 0, 1.0617, 5.02669, 0, -5.07656)

[node name="group_of_plants102" parent="groupplants" instance=ExtResource("5_5upp0")]
transform = Transform3D(0.996284, 0, -0.08613, 0, 1, 0, 0.08613, 0, 0.996284, 7.04282, 0, -4.25125)

[node name="group_of_plants103" parent="groupplants" instance=ExtResource("5_5upp0")]
transform = Transform3D(-0.261751, 0, -0.965135, 0, 1, 0, 0.965135, 0, -0.261751, 4.59913, 0, -3.57293)

[node name="group_of_plants104" parent="groupplants" instance=ExtResource("5_5upp0")]
transform = Transform3D(0.702103, 0, 1.0941, 0, 1.3, 0, -1.0941, 0, 0.702103, 5.5647, 0, -6.75841)

[node name="group_of_plants105" parent="groupplants" instance=ExtResource("5_5upp0")]
transform = Transform3D(0.731871, 0, -1.07441, 0, 1.3, 0, 1.07441, 0, 0.731871, 6.65858, 0, -1.47063)

[node name="group_of_plants106" parent="groupplants" instance=ExtResource("5_5upp0")]
transform = Transform3D(-0.103209, 0, -0.99466, 0, 1, 0, 0.99466, 0, -0.103209, 5.7988, 0, 0.531033)

[node name="group_of_plants107" parent="groupplants" instance=ExtResource("5_5upp0")]
transform = Transform3D(-0.960503, 0, 0.27827, 0, 1, 0, -0.27827, 0, -0.960503, 5.16251, 0, -1.92393)

[node name="group_of_plants108" parent="groupplants" instance=ExtResource("5_5upp0")]
transform = Transform3D(1.08189, 0, -0.720769, 0, 1.3, 0, 0.720769, 0, 1.08189, 8.33095, 0, -0.903848)

[node name="group_of_plants109" parent="groupplants" instance=ExtResource("5_5upp0")]
transform = Transform3D(-0.843054, 0, -0.53783, 0, 1, 0, 0.53783, 0, -0.843054, 10.6857, 0, -3.2582)

[node name="group_of_plants110" parent="groupplants" instance=ExtResource("5_5upp0")]
transform = Transform3D(-0.991099, 0, 0.133121, 0, 1, 0, -0.133121, 0, -0.991099, 8.71085, 0, -4.17787)

[node name="group_of_plants111" parent="groupplants" instance=ExtResource("5_5upp0")]
transform = Transform3D(0.307074, 0, 0.951686, 0, 1, 0, -0.951686, 0, 0.307074, 11.1839, 0, -4.73994)

[node name="group_of_plants112" parent="groupplants" instance=ExtResource("5_5upp0")]
transform = Transform3D(-0.579253, 0, -0.815148, 0, 1, 0, 0.815148, 0, -0.579253, 10.0688, 0, -1.60366)

[node name="group_of_plants113" parent="groupplants" instance=ExtResource("5_5upp0")]
transform = Transform3D(-0.781834, 0, 1.03862, 0, 1.3, 0, -1.03862, 0, -0.781834, 8.96484, 0, -7.05246)

[node name="group_of_plants114" parent="groupplants" instance=ExtResource("5_5upp0")]
transform = Transform3D(0.0560831, 0, 0.998426, 0, 1, 0, -0.998426, 0, 0.0560831, 9.72905, 0, -9.09253)

[node name="group_of_plants115" parent="groupplants" instance=ExtResource("5_5upp0")]
transform = Transform3D(0.972581, 0, -0.232563, 0, 1, 0, 0.232563, 0, 0.972581, 10.4807, 0, -6.67038)

[node name="group_of_plants116" parent="groupplants" instance=ExtResource("5_5upp0")]
transform = Transform3D(-1.11475, 0, 0.66883, 0, 1.3, 0, -0.66883, 0, -1.11475, 7.26755, 0, -7.53957)

[node name="group_of_plants117" parent="groupplants" instance=ExtResource("5_5upp0")]
transform = Transform3D(0.816692, 0, 0.577074, 0, 1, 0, -0.577074, 0, 0.816692, 5.02669, 0, -5.07656)

[node name="group_of_plants118" parent="groupplants" instance=ExtResource("5_5upp0")]
transform = Transform3D(0.996284, 0, -0.08613, 0, 1, 0, 0.08613, 0, 0.996284, 7.04282, 0, -4.25125)

[node name="group_of_plants119" parent="groupplants" instance=ExtResource("5_5upp0")]
transform = Transform3D(-0.261751, 0, -0.965135, 0, 1, 0, 0.965135, 0, -0.261751, 4.59913, 0, -3.57293)

[node name="group_of_plants120" parent="groupplants" instance=ExtResource("5_5upp0")]
transform = Transform3D(0.540079, 0, 0.841614, 0, 1, 0, -0.841614, 0, 0.540079, 5.5647, 0, -6.75841)

[node name="group_of_plants121" parent="groupplants" instance=ExtResource("5_5upp0")]
transform = Transform3D(0.731871, 0, -1.07441, 0, 1.3, 0, 1.07441, 0, 0.731871, 6.65858, 0, -1.47063)

[node name="group_of_plants122" parent="groupplants" instance=ExtResource("5_5upp0")]
transform = Transform3D(-0.103209, 0, -0.99466, 0, 1, 0, 0.99466, 0, -0.103209, 5.7988, 0, 0.531033)

[node name="group_of_plants123" parent="groupplants" instance=ExtResource("5_5upp0")]
transform = Transform3D(-0.960503, 0, 0.27827, 0, 1, 0, -0.27827, 0, -0.960503, 5.16251, 0, -1.92393)

[node name="group_of_plants124" parent="groupplants" instance=ExtResource("5_5upp0")]
transform = Transform3D(1.08189, 0, -0.720769, 0, 1.3, 0, 0.720769, 0, 1.08189, 8.33095, 0, -0.903848)

[node name="group_of_plants125" parent="groupplants" instance=ExtResource("5_5upp0")]
transform = Transform3D(-0.843054, 0, -0.53783, 0, 1, 0, 0.53783, 0, -0.843054, 10.6857, 0, -3.2582)

[node name="group_of_plants126" parent="groupplants" instance=ExtResource("5_5upp0")]
transform = Transform3D(-0.991099, 0, 0.133121, 0, 1, 0, -0.133121, 0, -0.991099, 8.71085, 0, -4.17787)

[node name="group_of_plants127" parent="groupplants" instance=ExtResource("5_5upp0")]
transform = Transform3D(0.399196, 0, 1.23719, 0, 1.3, 0, -1.23719, 0, 0.399196, 11.1839, 0, -4.73994)

[node name="group_of_plants128" parent="groupplants" instance=ExtResource("5_5upp0")]
transform = Transform3D(-0.579253, 0, -0.815148, 0, 1, 0, 0.815148, 0, -0.579253, 10.0688, 0, -1.60366)

[node name="Node3D8" parent="groupplants" instance=ExtResource("6_4o61l")]
transform = Transform3D(-6.01411, 0, 7.9894, 0, 10, 0, -7.9894, 0, -6.01411, 7.93366, 0, -5.98245)

[node name="Node3D9" parent="groupplants" instance=ExtResource("7_8w4gi")]
transform = Transform3D(-6.01411, 0, 7.9894, 0, 10, 0, -7.9894, 0, -6.01411, 6.87933, 0, -1.95342)

[node name="group_of_plants129" parent="groupplants" instance=ExtResource("5_5upp0")]
transform = Transform3D(0.637841, 0, -0.770168, 0, 1, 0, 0.770168, 0, 0.637841, 6.97104, 0, -11.4168)

[node name="group_of_plants130" parent="groupplants" instance=ExtResource("5_5upp0")]
transform = Transform3D(-0.00968665, 0, -0.999953, 0, 1, 0, 0.999953, 0, -0.00968665, 6.30234, 0, -9.34347)

[node name="group_of_plants131" parent="groupplants" instance=ExtResource("5_5upp0")]
transform = Transform3D(-1.27702, 0, 0.243328, 0, 1.3, 0, -0.243328, 0, -1.27702, 5.43912, 0, -11.7281)

[node name="group_of_plants132" parent="groupplants" instance=ExtResource("5_5upp0")]
transform = Transform3D(0.880453, 0, -0.474135, 0, 1, 0, 0.474135, 0, 0.880453, 8.68911, 0, -11.009)

[node name="group_of_plants133" parent="groupplants" instance=ExtResource("5_5upp0")]
transform = Transform3D(-1.02574, 0, -0.79866, 0, 1.3, 0, 0.79866, 0, -1.02574, 10.8132, 0, -13.5733)

[node name="group_of_plants134" parent="groupplants" instance=ExtResource("5_5upp0")]
transform = Transform3D(-0.999208, 0, 0.0398006, 0, 1, 0, -0.0398006, 0, -0.999208, 8.76099, 0, -14.3042)

[node name="group_of_plants135" parent="groupplants" instance=ExtResource("5_5upp0")]
transform = Transform3D(0.281682, 0, 1.26912, 0, 1.3, 0, -1.26912, 0, 0.281682, 11.1706, 0, -15.0952)

[node name="group_of_plants136" parent="groupplants" instance=ExtResource("5_5upp0")]
transform = Transform3D(-0.500439, 0, -0.865772, 0, 1, 0, 0.865772, 0, -0.500439, 10.3539, 0, -11.8683)

[node name="group_of_plants137" parent="groupplants" instance=ExtResource("5_5upp0")]
transform = Transform3D(-0.600727, 0, 0.799454, 0, 1, 0, -0.799454, 0, -0.600727, 9.01577, 0, -17.0997)

[node name="group_of_plants138" parent="groupplants" instance=ExtResource("5_5upp0")]
transform = Transform3D(0.0569367, 0, 0.998378, 0, 1, 0, -0.998378, 0, 0.0569367, 9.78172, 0, -19.1391)

[node name="group_of_plants139" parent="groupplants" instance=ExtResource("5_5upp0")]
transform = Transform3D(1.2641, 0, -0.303413, 0, 1.3, 0, 0.303413, 0, 1.2641, 10.5313, 0, -16.7163)

[node name="group_of_plants140" parent="groupplants" instance=ExtResource("5_5upp0")]
transform = Transform3D(-0.857059, 0, 0.515218, 0, 1, 0, -0.515218, 0, -0.857059, 7.3189, 0, -17.5882)

[node name="group_of_plants142" parent="groupplants" instance=ExtResource("5_5upp0")]
transform = Transform3D(1.29507, 0, -0.113076, 0, 1.3, 0, 0.113076, 0, 1.29507, 7.09135, 0, -14.3001)

[node name="group_of_plants145" parent="groupplants" instance=ExtResource("5_5upp0")]
transform = Transform3D(0.637841, 0, -0.770168, 0, 1, 0, 0.770168, 0, 0.637841, 6.97104, 0, -11.4168)

[node name="group_of_plants146" parent="groupplants" instance=ExtResource("5_5upp0")]
transform = Transform3D(-0.00968665, 0, -0.999953, 0, 1, 0, 0.999953, 0, -0.00968665, 6.30234, 0, -9.34347)

[node name="group_of_plants147" parent="groupplants" instance=ExtResource("5_5upp0")]
transform = Transform3D(-1.27702, 0, 0.243328, 0, 1.3, 0, -0.243328, 0, -1.27702, 5.43912, 0, -11.7281)

[node name="group_of_plants148" parent="groupplants" instance=ExtResource("5_5upp0")]
transform = Transform3D(1.14459, 0, -0.616375, 0, 1.3, 0, 0.616375, 0, 1.14459, 8.68911, 0, -11.009)

[node name="group_of_plants149" parent="groupplants" instance=ExtResource("5_5upp0")]
transform = Transform3D(-0.789031, 0, -0.614354, 0, 1, 0, 0.614354, 0, -0.789031, 10.8132, 0, -13.5733)

[node name="group_of_plants150" parent="groupplants" instance=ExtResource("5_5upp0")]
transform = Transform3D(-0.999208, 0, 0.0398006, 0, 1, 0, -0.0398006, 0, -0.999208, 8.76099, 0, -14.3042)

[node name="group_of_plants151" parent="groupplants" instance=ExtResource("5_5upp0")]
transform = Transform3D(0.281682, 0, 1.26912, 0, 1.3, 0, -1.26912, 0, 0.281682, 11.1706, 0, -15.0952)

[node name="group_of_plants152" parent="groupplants" instance=ExtResource("5_5upp0")]
transform = Transform3D(-0.500439, 0, -0.865772, 0, 1, 0, 0.865772, 0, -0.500439, 10.3539, 0, -11.8683)

[node name="group_of_plants153" parent="groupplants" instance=ExtResource("5_5upp0")]
transform = Transform3D(-0.600727, 0, 0.799454, 0, 1, 0, -0.799454, 0, -0.600727, 9.01577, 0, -17.0997)

[node name="group_of_plants154" parent="groupplants" instance=ExtResource("5_5upp0")]
transform = Transform3D(0.0740178, 0, 1.29789, 0, 1.3, 0, -1.29789, 0, 0.0740178, 9.78172, 0, -19.1391)

[node name="group_of_plants155" parent="groupplants" instance=ExtResource("5_5upp0")]
transform = Transform3D(0.972382, 0, -0.233394, 0, 1, 0, 0.233394, 0, 0.972382, 10.5313, 0, -16.7163)

[node name="group_of_plants156" parent="groupplants" instance=ExtResource("5_5upp0")]
transform = Transform3D(-0.857059, 0, 0.515218, 0, 1, 0, -0.515218, 0, -0.857059, 7.3189, 0, -17.5882)

[node name="group_of_plants158" parent="groupplants" instance=ExtResource("5_5upp0")]
transform = Transform3D(1.29507, 0, -0.113076, 0, 1.3, 0, 0.113076, 0, 1.29507, 7.09135, 0, -14.3001)

[node name="Node3D10" parent="groupplants" instance=ExtResource("6_4o61l")]
transform = Transform3D(6.37841, 0, -7.70168, 0, 10, 0, 7.70168, 0, 6.37841, 7.95145, 0, -12.5335)

[node name="Node3D11" parent="groupplants" instance=ExtResource("7_8w4gi")]
transform = Transform3D(6.37841, 0, -7.70168, 0, 10, 0, 7.70168, 0, 6.37841, 8.81766, 0, -16.6071)

[node name="group_of_plants161" parent="groupplants" instance=ExtResource("5_5upp0")]
transform = Transform3D(0.702153, 0, -0.712026, 0, 1, 0, 0.712026, 0, 0.702153, 10.7887, 0, -23.5601)

[node name="group_of_plants162" parent="groupplants" instance=ExtResource("5_5upp0")]
transform = Transform3D(0.702153, 0, -0.712026, 0, 1, 0, 0.712026, 0, 0.702153, 12.9185, 0, -23.1022)

[node name="group_of_plants163" parent="groupplants" instance=ExtResource("5_5upp0")]
transform = Transform3D(0.912799, 0, -0.925634, 0, 1.3, 0, 0.925634, 0, 0.912799, 10.6322, 0, -22.0047)

[node name="group_of_plants164" parent="groupplants" instance=ExtResource("5_5upp0")]
transform = Transform3D(0.702153, 0, -0.712026, 0, 1, 0, 0.712026, 0, 0.702153, 11.0225, 0, -25.3103)

[node name="group_of_plants165" parent="groupplants" instance=ExtResource("5_5upp0")]
transform = Transform3D(0.702153, 0, -0.712026, 0, 1, 0, 0.712026, 0, 0.702153, 8.25853, 0, -27.1672)

[node name="group_of_plants166" parent="groupplants" instance=ExtResource("5_5upp0")]
transform = Transform3D(0.912799, 0, -0.925634, 0, 1.3, 0, 0.925634, 0, 0.912799, 7.73667, 0, -25.0522)

[node name="group_of_plants167" parent="groupplants" instance=ExtResource("5_5upp0")]
